1|162|22,23|1分钟80m测风塔1风速平均值|1|0
2|162|24,25|1分钟80m测风塔1风速实时值|1|0
3|162|28,29|1分钟80m测风塔1风速标准差值|1|0
4|162|30,31|1分钟80m测风塔1风速最大值|1|0
5|162|32,33|1分钟80m测风塔1风速最小值|1|0
6|162|34,35|1分钟80m测风塔1风向平均值|1|0
7|162|36,37|1分钟80m测风塔1风向实时值|1|0
8|162|38,39|1分钟80m测风塔1风向标准差值|1|0
9|162|40,41|1分钟80m测风塔1风向最大值|1|0
10|162|42,43|1分钟80m测风塔1风向最小值|1|0
11|162|44,45|1分钟70m测风塔1风速平均值|1|0
12|162|46,47|1分钟70m测风塔1风速实时值|1|0
13|162|50,51|1分钟70m测风塔1风速标准差值|1|0
14|162|52,53|1分钟70m测风塔1风速最大值|1|0
15|162|54,55|1分钟70m测风塔1风速最小值|1|0
16|162|56,57|1分钟70m测风塔1风向平均值|1|0
17|162|58,59|1分钟70m测风塔1风向实时值|1|0
18|162|60,61|1分钟70m测风塔1风向标准差值|1|0
19|162|62,63|1分钟70m测风塔1风向最大值|1|0
20|162|64,65|1分钟70m测风塔1风向最小值|1|0
21|162|66,67|1分钟30m测风塔1风速平均值|1|0
22|162|68,69|1分钟30m测风塔1风速实时值|1|0
23|162|72,73|1分钟30m测风塔1风速标准差值|1|0
24|162|74,75|1分钟30m测风塔1风速最大值|1|0
25|162|76,77|1分钟30m测风塔1风速最小值|1|0
26|162|78,79|1分钟30m测风塔1风向平均值|1|0
27|162|80,81|1分钟30m测风塔1风向实时值|1|0
28|162|82,83|1分钟30m测风塔1风向标准差值|1|0
29|162|84,85|1分钟30m测风塔1风向最大值|1|0
30|162|86,87|1分钟30m测风塔1风向最小值|1|0
31|162|88,89|1分钟10m测风塔1风速平均值|1|0
32|162|90,91|1分钟10m测风塔1风速实时值|1|0
33|162|94,95|1分钟10m测风塔1风速标准差值|1|0
34|162|96,97|1分钟10m测风塔1风速最大值|1|0
35|162|98,99|1分钟10m测风塔1风速最小值|1|0
36|162|100,101|1分钟10m测风塔1风向平均值|1|0
37|162|102,103|1分钟10m测风塔1风向实时值|1|0
38|162|104,105|1分钟10m测风塔1风向标准差值|1|0
39|162|106,107|1分钟10m测风塔1风向最大值|1|0
40|162|108,109|1分钟10m测风塔1风向最小值|1|0
41|162|110,111|1分钟10m测风塔1温度平均值|1|0
42|162|112,113|1分钟10m测风塔1温度实时值|1|0
43|162|114,115|1分钟10m测风塔1温度标准差值|1|0
44|162|116,117|1分钟10m测风塔1温度最大值|1|0
45|162|118,119|1分钟10m测风塔1温度最小值|1|0
46|162|120,121|1分钟10m测风塔1湿度平均值|1|0
47|162|122,123|1分钟10m测风塔1湿度实时值|1|0
48|162|124,125|1分钟10m测风塔1湿度标准差值|1|0
49|162|126,127|1分钟10m测风塔1湿度最大值|1|0
50|162|128,129|1分钟10m测风塔1湿度最小值|1|0
51|162|130,131|1分钟10m测风塔1压力平均值|1|0
52|162|132,133|1分钟10m测风塔1压力实时值|1|0
53|162|134,135|1分钟10m测风塔1压力标准差值|1|0
54|162|136,137|1分钟10m测风塔1压力最大值|1|0
55|162|138,139|1分钟10m测风塔1压力最小值|1|0
56|162|140,141|1分钟测风塔1电池电压平均值|1|0
57|162|142,143|1分钟测风塔1电池电压实时值|1|0
58|162|144,145|1分钟测风塔1电池电压标准差值|1|0
59|162|146,147|1分钟测风塔1电池电压最大值|1|0
60|162|148,149|1分钟测风塔1电池电压最小值|1|0
61|162|150,151|1分钟50m测风塔1风速平均值|1|0
62|162|152,153|1分钟50m测风塔1风速实时值|1|0
63|162|156,157|1分钟50m测风塔1风速标准差值|1|0
64|162|158,159|1分钟50m测风塔1风速最大值|1|0
65|162|160,161|1分钟50m测风塔1风速最小值|1|0
66|162|162,163|1分钟50m测风塔1风向平均值|1|0
67|162|164,165|1分钟50m测风塔1风向实时值|1|0
68|162|166,167|1分钟50m测风塔1风向标准差值|1|0
69|162|168,169|1分钟50m测风塔1风向最大值|1|0
70|162|170,171|1分钟50m测风塔1风向最小值|1|0
71|162|172,173|1分钟整场理论功率平均值TPS|1|0
72|162|174,175|1分钟整场可用功率平均值TPS|0.956|0
